4. 44444 814444488444448841844488 844

188. m. 831, m, m, 418, 814444844 liugn 814. ·
ΗΘΜ, ³1⁸» 3183184311, 1331893411· 11188831134 ΙΜΏ.
484, 844, 884, 844, 844448. 888.

·= S. 1141348144 881. . ,
1 4814344144 8181141.. 3144444144 1444448 84, 31, 88, Μ,
n 313. . m, 113, 180, 131, 313, 333, 333,
4 ’1444144444 838. 881, 331, 839, 331,Ι 348, 891. 488,
mmanmm mmmm .
143, 133,133,113,348,Β8, Minucius Felix 38, 333, 381, 333,
448, 848, 444, 844, 844484. 849, 448 -· - ·
118, 481, 888, 488, 348338, 31414444 1884444 811.
888, 884, 888, 844, 848848, Mon 4444 884. ,
133, 313, 898, 183, 111. 344841181184 1144441484 814.
’44 183444 14, 83. Montanus 11181841 (84· 14 18484414·-
1444 118, 381, 818, 881. ne) 88.
184. 84 montfaucon 3444384844 188883,

314, 333, 311,

fl· 1144144384 Dan. Georgia· 14
1144 38, 183, 883, 813, 338, 18441884 sapham 9ο.
833, 388, 388, 883, 833. 31444184 inachim 484.
44 Palus Alexander 38. 'monacnum 44 Romnum. lum
14. 1144141833, 881. 44114114 314.
, 1448444 389. Moschi 4441884 4441411414 14
anthius 1111881444 13. 114443444184 m
’,14144 Nulla 814. 1884414844 Petrus 118.
44 338, 838. 818, 341,844, 118484 1141444ιὶ844 80.
333. 311, 313, 388. 14 1144444 Stephanus 38.

111484 144 vlu Thucydidi· 818. uuum 11444444 m, 313
11419, 1133118484. 138441441841448.Α4414818448.
41144 Nicodemum Muretus 11. ,44184144 818, 383.

144 81488144 881. Margaia· 14143411 883. 4 “

4414414 381. 11444444 1414444444 Venetae (84114-

488411141144441848144338333. 414 81 18144444) 318.

m Tyria· 488, 448, 484, 484, ns

333. 311. 181. 1144484484 (1814141313.

8144 14. 1144418444 18, 184, 811. 3444.Ν4414444844 118, 883, 488.

44184 Maru· 338 481, 121.

118, 188, 883. 11444844 Μ’ 841144.

pu 4338411884338. 1348441844 ,488, 313.

84 4384444184 148. 1144441184- 1184181 884.

4184 18418144 11, 18, 31, 31, 114441441444444311.

8, 39, 11, 188, m, 183131, 1114444844 813. ’

444, 448, 488. 484, 444, 448, meandri 48488884 444. 444, m,

444, 444, 448, 448. 444, 484, 444, 884, 848. 4

484, m, 484, 448. 444, 4η, 1948448484(4844444484444448444

488, 348, 384, 333, 338, 388, 11444 18.

333, 888, 898. 11144444 (3148414144 lv, 333, 381 ,488.

844 31, mm, 8818884911, 1114448ιά484 (1444484484 838 ·s
’ 1144184 Marcellus 388, 398. 418, 488.

 

